-96.02105990308361 -97.178316478165 3.068706556183525
-95.09441142223338 -94.90664485634899 -94.71418890642366
-96.75637264036348 -96.49497909531735 -96.14664371278285
-97.71124572444349 -50.020013929320385 -97.72463164596115
11.433854369118064 -87.52676591251371 -86.25785600340048
-84.72230568393158 -84.84893113224676 -97.49516518517468
-81.61328201930209 -71.90124256084627 -82.55405021676849
-78.57227954577148 -79.53315114568812 16.05108497750822
-78.08626901668337 -78.68694088891763 -77.9216010775512
-78.12690944962306 -77.51256176019726 -89.59027638779513
-78.09015302270903 -78.59857563702765 -79.16758326308265
-78.83621237868259 -79.27210742768327 -85.67648947569688
-70.36366250164599 -70.92719818325938 -70.42443120442506
-71.10613513879315 -70.23430485305138 -71.47242014124637
-69.83568090238569 -69.4499723418947 -69.12956555971029
-68.2407444751439 -69.03910848921498 -68.47274026031883
-64.27553554858717 -64.49780300746662 -85.96201837979856
-62.4356925420889 -62.222395433068776 -74.3271551338771
-59.336939527305546 -59.61148652832844 -60.521141626234325
-58.29952877384009 -59.13351422929742 -57.10163379934237
-44.576016567861515 -44.5310365918148 -44.1330308591813
-45.86197579318821 -45.5125793234125 -46.05620746407164
-47.21988269442234 -47.21557181228632 -47.95618061205903
-48.523720050001344 -48.525240860055824 -47.59351802588357
-39.62686873961494 -39.40226755817708 -65.58724794415143
-38.328967566660694 -38.346598972766195 -40.360510000000005
-35.88242459840891 -36.32856147624157 -37.24024167242837
-34.91930897920503 -35.61026294207585 -34.95677467532547
-29.423517582741685 -29.724633418097063 -29.2128021842528
-30.641133799669458 -30.240521723103615 -30.279797265453862
-30.571154244113785 -30.788714003669554 -31.352733993127202
-31.392191228439625 -31.495909042274867 -31.626655548223198
-25.69194290261944 -25.5778678402699 -53.31916995227282
-24.497134947710297 -24.588773645857973 -68.30512979491
-23.105326908190555 -23.337733040701586 -28.501083715728207
-22.201535107040765 -22.57552513815012 -22.082188903850337
-20.507952448011466 -20.67559883032148 -55.75882949841789
-20.368712028927067 -20.368875551852646 -26.458615942120637
-20.016053302392873 -20.30270335441927 -20.483032760219817
-20.335608680948027 -20.323050053112453 -20.294716392230438
-20.573549866045738 -20.47208571899042 -44.94264416063241
-20.660146157660304 -20.50442288610783 -20.325129224899555
-20.55220848712055 -20.83921825813522 -33.98678441033699
-20.749486324439157 -20.876369353229148 -17.368639957399175
-5.278401671284847 -5.490614215309129 -68.30512979491
-4.970883475951762 -4.77804641644225 -6.930414530185021
-4.77690349323886 -4.832022828836889 -4.582833461629121
-6.042740654514065 -5.941805993728023 -73.6417393544716
-5.146371074963867 -5.218392759108894 -17.553281147519137
-5.161024867962027 -5.293562942340402 -33.391961580710465
-5.327412889385277 -5.414497051215226 -3.5711694804479
-5.322763352460089 -5.222595789116606 -37.917278893
286.24251047525553 0.897 14.173347665129366
0.897 0.897 -9.100000000000001
0.8043 34.02752247213577 0.5782047
0.897 28.209593891511886 297.9174385448254
-58.77012926252337 -58.214468024959736 -52.24195339534773
-58.58426303519022 -58.828377212113566 -60.346048694160196
-60.97315172041557 -61.15877943222199 -60.508143449948726
-61.80277245060233 -61.32985513058381 -81.28449609259641
-40.195627684120424 -38.949674219444965 -36.802033771570656
-38.978687437989066 -38.67010428467955 -38.89909277158609
-41.29134889272351 -40.91332723923486 -79.20499565844045
-41.53428817882428 -40.64603449458679 -81.28449609259641
-28.049414952044373 -28.163270083676913 -25.32945394226398
-28.083798171257996 -28.149217695806907 -28.124313989132382
-29.600548110743794 -29.386204841836317 -46.324459000000004
-29.61144133174357 -29.660104429710955 -60.87053061100001
-63.21613804724331 -67.75340879263143 -84.9510050354581
-68.19995221113362 -68.08520417307952 -82.09976730269521
-68.11854622977779 -58.698328329115895 -68.59754286605697
-69.29559798888384 -67.5444370581411 27.00448574739583
-58.73320601138406 -59.066553287351724 -61.24287576449779
-58.28444149974432 -58.614727994773745 -67.638486624565
-58.80219150475505 -57.62024675341473 -78.59095737299161
-59.45953888914104 -59.621754820044025 59.890663745714555
-39.48422141853802 -40.286325129488034 -77.93348492109125
-40.366930724417706 -40.57949879784916 -46.55983584779379
-40.44418638099711 -39.90771880282063 -75.30177008715293
-40.6409753966691 -40.73260168635886 105.41658117784895
-36.03687587553712 -35.806881210410026 -83.15604648333677
-35.861827254174464 -35.995058309699616 -42.78859720073308
-35.8717703519439 -36.15856678059259 -73.67218824120079
-36.20379190774446 -36.11353181390661 164.72936900969495
-5.071181554078727 -25.84906455736332 208.40860996862284
-25.687728601117755 -25.586073794007174 -26.28700898161617
-25.808284119871914 -25.932994656236513 -91.04843249915098
-26.1689667784542 193.94928966265863 -99.85298658736397
-8.245053872409075 -8.120680120495782 194.04561251380613
-8.042262718077353 -7.967194778046912 -58.30812979491
-7.974069887242933 -8.101103758960187 -23.321588082617925
-8.147376686538328 3.7490114415172773 -41.99416349630794
0.897 0.794309 273.7448798724354
22.25693666319153 0.897 -9.100000000000001
0.897 1.0 -0.7921201101171507
1.0 1.0 156.9892269
