-79.85284889485379 -91.41183116395968 6.023488071385157
-92.49666009036578 -92.81275287526465 -92.53666488691519
-93.57826100193336 -93.04340201350091 -93.56693675798425
-91.56720835845839 -7.415640094764472 -91.36777749224213
15.931173054550348 -72.9489772406125 -73.24469083015563
-72.42313608572337 -73.12366683215076 -96.01978800890298
-59.704065193713596 -57.48816400907303 -61.997159977642816
-60.421621720524016 -61.831316902855846 22.379896398446633
-68.36926144051624 -69.29626627284264 -64.29724368974915
-67.28579242408293 -67.684766980203 -73.86844750723219
-63.88770094062128 -64.79291241623149 -63.858637481668126
-68.62808549235058 -68.98590460371172 -80.48702294238967
-48.11684898581185 -48.14197187602442 -48.271016997980794
-49.041283463488355 -49.086196652822125 -84.68167868253347
-41.517659260204844 -42.055359645414086 -44.13197526153637
-43.99007445428053 -44.764590736115 -43.680320905445114
-41.75160429685697 -41.61838413964162 -94.00558385706589
-39.31274973967328 -38.30183221920624 -82.4889592153501
-29.08816700222226 -29.982262218953988 -29.995197817235937
-34.630710857384166 -34.18780148540536 -34.09244244147031
-19.751818998486442 -20.510317610722318 -21.91009588159246
-18.02874707135473 -17.174521719768258 -22.993596643550294
-25.546051351852984 -25.74739076083388 -27.50191149325013
-26.777709440430954 -26.622106920011685 -26.915869856389374
-14.138708974597142 -14.307867812054425 -54.80094295000001
-11.200489569537027 -11.27357226356676 -59.17789579912123
-5.393578417480582 -5.764697096285801 -5.258511231587084
-8.815161698974395 -8.798347365197676 -8.84430185387247
-4.680986920235313 -4.7099529003129454 -5.485573425224471
-3.8010093386000405 -3.177378209019208 -6.111416080414366
-4.817881589859421 -5.038419839766464 -5.494288444006861
-5.716559339354583 -5.927092791304723 -5.723653004442569
-4.213453846902741 -3.880943982648297 -49.83515179008424
-3.3242790077803646 -3.434126478311289 -23.455000000000002
-1.0102401189798238 -0.2864799624232083 -8.121900975055686
-1.8905949840053924 -2.417168761015551 -6.177094182964999
3.8970921649999997 4.485 5.0
5.0 5.0 5.0
4.485 4.485 5.0
3.9715450000000003 4.0215000000000005 3.47158095
5.0 5.0 5.0
5.0 5.0 5.0
4.585 4.585 -5.5
4.2115 4.585 4.14635
4.4014999999999995 4.4014999999999995 -37.99855000000001
4.4014999999999995 4.685 5.0
4.685 4.685 4.785
4.4014999999999995 4.685 -5.5
4.785 5.0 3.7170655744999994
5.0 5.0 5.0
5.0 4.785 5.0
4.785 4.785 -5.5
25.752809 4.781499999999999 4.260615
4.885 5.0 5.0
4.885 7.746499999999999 5.0
4.885 4.885 125.80545
-36.80045401858407 -36.43574949356568 -34.72535563990601
-34.250802011096525 -33.24852021475358 -36.0420053497777
-43.17771341425456 -42.69658766465735 -69.59986157044077
-42.832174392024584 -42.72440498563571 -69.23236260184852
-19.563274335860175 -19.794896179484684 -18.711152373981317
-16.78125674446253 -17.996775386621366 -22.63685834980592
-23.815986769443416 -24.026785196803164 -63.388763789500004
-24.28681701346404 -23.899076272180558 -52.98447583145451
-4.490958173565857 -4.264983796822513 -4.965
-2.0825253388580585 -2.7541646974297294 -7.760066604492982
-3.2530947344737355 -3.7570128778083074 -14.831439143495501
-5.245762035529596 -5.3583428132617685 -31.109500000000004
-51.7275500666219 -52.7486233299138 -74.9610000922288
-58.51029323841095 -58.3635768122911 -64.35183348700801
-54.85029799235022 -41.8678205886528 -78.92714668881095
-50.54515727788442 -50.3006083053488 44.24665348444119
-34.61778702775818 -37.29752361954975 -63.86327666597094
-37.283414683463654 -36.398892602537494 -55.3987418291954
-29.02597492294547 -39.7040012448191 -77.91672676051644
-38.994949368453085 -39.728021235337586 55.39975657760505
-11.663856794095837 -27.243848242902295 -61.86288649254533
-25.177175285565 -25.399755159549336 -33.01551736650056
-26.19302314180194 -14.304829857183773 -74.01560306683123
-27.713367435604354 -27.6517131452562 67.47385827409673
-3.107646659084212 -17.711051070138154 -87.17565681606673
-18.770088301373924 -18.84827763386613 -26.911255240090902
-19.917248643815643 13.495255581559828 -69.25155462381761
-17.695678507922786 -18.6369914351471 113.89798743915314
-4.306089064907128 -3.9023554580685484 170.3866684394747
-4.25914799265286 -4.202361752447955 -4.822780474715168
-5.258150814097244 11.000950664278312 -52.7172894263585
-5.582742166084431 162.56589904083626 -87.11245443998523
19.274708193952183 4.633352110135287 240.60143251419558
27.55826765622637 4.785 -5.5
4.54894318515 20.541152159165915 3.697199387317146
4.220844515 179.85662963260413 -5.5
273.1530636387781 4.885 4.94826205
4.885 4.885 -5.5
4.885 5.0 5.0
5.0 73.3424918146543 281.091415990572
